%Name: Hrishikesh Moholkar
%Date: 5/12/2017
%EMAIL: hnm6500@rit.edu



X = rawDATA(: ,1:2);
scatter(X(: ,1) ,X(: ,2))
daspect([1 1 1])
[P D Q] = svd(X);
QTranspose = Q' ;
size(P)

ans =

    59    59


Q

Q =

   -0.8422    0.5392
   -0.5392   -0.8422

QTranspose

QTranspose =

   -0.8422   -0.5392
    0.5392   -0.8422


D

D =

  120.3465         0
         0   41.7494
         0         0
         0         0
         0         0
         0         0
         0         0
         0         0
         0         0
         0         0
         0         0
         0         0
         0         0
         0         0
         0         0
         0         0
         0         0
         0         0
         0         0
         0         0
         0         0
         0         0
         0         0
         0         0
         0         0
         0         0
         0         0
         0         0
         0         0
         0         0
         0         0
         0         0
         0         0
         0         0
         0         0
         0         0
         0         0
         0         0
         0         0
         0         0
         0         0
         0         0
         0         0
         0         0
         0         0
         0         0
         0         0
         0         0
         0         0
         0         0
         0         0
         0         0
         0         0
         0         0
         0         0
         0         0
         0         0
         0         0
         0         0

scatter(X(: ,1) ,X(: ,2))
line([-120.3465*Q(1,1)/2 120.346*Q(1,1)/2], [-120.346*Q(2,1)/2 120.346*Q(2,1)/2])
line([-41.7494*Q(1,2)/2 41.7494*Q(1,2)/2], [-41.7494*Q(2,2)/2 41.7494*Q(2,2)/2])
daspect([1 1 1])
F = X * Q;
for i = 1:2
      for j = 1:2
          L(i,j) = dot(F(: ,i),X(: ,j))/(norm(F(:,i))*norm(X(: ,j)));
      end
end

hold on;
scatter(L(1 ,:),L(2,:));
daspect([1 ,1 ,1]);
ezpolar(@(x)1);

%Part2
X = rawDATA;


[P,D,Q] = svd(X);
P
size(P)

ans =

    59    59


Q

Q =

   -0.3691    0.7596   -0.2154    0.4903
   -0.4779    0.2807    0.6628   -0.5035
   -0.5041   -0.1185   -0.6937   -0.5007
   -0.6175   -0.5746    0.1821    0.5054

checkX = P * D * Q';
checkX

checkX =

    7.4258    7.9556    8.7840   10.4040
    9.6905    6.9545   -2.1124   -3.1806
  -21.6145  -11.8332   -3.2521    8.3406
   -3.3891   -2.3210   -6.5682   -6.4955
   -7.9900  -10.7456    3.5621   -2.2648
  -17.8389   -6.8770   -7.1250    3.6141
    1.9446    0.7234   -6.4033   -7.6111
    0.0333   -3.6752  -11.9467  -13.3417
  -13.1378   -6.0745  -13.1471   -6.7519
   21.7137   29.4234   25.3941   33.5480
   -1.9315    3.1688   -0.7174    3.6765
   22.0165   15.5418   -3.7586  -10.2416
   22.8161    8.9486    5.5818   -8.8873
   -1.0366   -3.8033   -6.8226   -8.3780
    4.0102   -2.6570    3.4960   -3.9764
   -7.5301    2.5158   -4.9796    5.3429
  -10.2870   -1.9751   -2.5681    3.5273
   13.1532    6.3882   12.1096    5.3373
   27.2488   10.3471   -7.1637  -22.9613
  -14.4934   -1.9853   -4.0248    8.5466
    5.2619    7.1062    7.4683    7.8613
    2.4348   -9.3001   -8.0206  -17.9799
   -5.4393    1.9444    1.9532    9.7084
    4.6395   -0.7753    6.5359    0.7874
  -18.7936   -8.7921   -4.2736    5.2103
   -9.2065    1.7589   -3.4998    6.1780
    5.2743   -0.4711    1.4444   -7.5590
  -13.6589   -7.4124   -8.3655   -1.0734
   29.2366   16.4742   -8.2301  -19.4156
   21.2766    9.7888    7.8912   -2.1055
  -14.1906   -6.0463    1.3988    9.3245
    0.6821   -0.4261    3.0107    1.4548
   -2.3120    0.5520   -8.7726   -7.3803
  -12.7433  -15.9444    3.5501   -0.5049
   -5.5766   -2.2689   14.9503   16.4826
  -32.4748  -20.1421  -10.1169    2.0431
  -30.4608  -10.5183   10.3467   29.6572
   20.1776   20.5193    7.3811    7.3469
  -17.0524   -1.2434  -13.7787   -0.4441
   -9.6416   -7.1431   -5.1665   -2.9812
   -3.1570    3.6180    6.1319   12.2945
   11.7896    4.2643   10.0791    2.3692
   16.1445   24.7121   15.9425   23.9624
    5.1689    0.1529    1.9141   -1.3735
   -3.8092  -13.7562  -12.5999  -22.3910
  -12.1130   -7.9504   -2.0401    1.1840
    5.8421   -6.9717  -17.5537  -30.6199
    8.5323    4.2228    3.3356    1.9632
   12.9367   -3.5301   -9.1399  -24.5101
   -1.7496    7.5665   20.9981   31.7522
    9.6242    6.1222    5.8143    2.8923
    1.4581   -7.4680   -6.4925  -15.9367
    9.0623  -11.1422   -8.8447  -28.0545
    2.2546   -3.5593    3.5144   -0.7897
  -10.7758   -9.8671   -2.1112    0.1738
    9.9684   15.2868   10.2642   16.9582
    2.3080    2.0520   18.2070   17.7692
    5.1616   -4.5073  -13.7842  -23.3834
  -16.8833   -6.9257    2.3203   10.8820

D

D =

  126.8402         0         0         0
         0  121.5119         0         0
         0         0   37.0388         0
         0         0         0    4.6930
         0         0         0         0
         0         0         0         0
         0         0         0         0
         0         0         0         0
         0         0         0         0
         0         0         0         0
         0         0         0         0
         0         0         0         0
         0         0         0         0
         0         0         0         0
         0         0         0         0
         0         0         0         0
         0         0         0         0
         0         0         0         0
         0         0         0         0
         0         0         0         0
         0         0         0         0
         0         0         0         0
         0         0         0         0
         0         0         0         0
         0         0         0         0
         0         0         0         0
         0         0         0         0
         0         0         0         0
         0         0         0         0
         0         0         0         0
         0         0         0         0
         0         0         0         0
         0         0         0         0
         0         0         0         0
         0         0         0         0
         0         0         0         0
         0         0         0         0
         0         0         0         0
         0         0         0         0
         0         0         0         0
         0         0         0         0
         0         0         0         0
         0         0         0         0
         0         0         0         0
         0         0         0         0
         0         0         0         0
         0         0         0         0
         0         0         0         0
         0         0         0         0
         0         0         0         0
         0         0         0         0
         0         0         0         0
         0         0         0         0
         0         0         0         0
         0         0         0         0
         0         0         0         0
         0         0         0         0
         0         0         0         0
         0         0         0         0

F = X * Q;



for i = 1:2
       for j = 1:4
            L(i,j) = dot(F(: ,i),X(: ,j))/(norm(F(:,i))*norm(X(: ,j)));
        end
   end
L

L =

   -0.4509   -0.8214   -0.9078   -0.7447
    0.8890    0.4622   -0.2044   -0.6639


hold on;
scatter(L(1,:),L(2,:));
daspect([1,1,1]);
ezpolar(@(x)1);
diary off
